0000000000000000000000000000000000000000000000000000000000000000000000000000000000000000000000000000000000000000000000000000000000000000000000000000000000000000
0000000000000000000000000000000000000000000000000000000000000000000000000000000000000000000000000000000000000000000000000000000000000000000000000000000000000000
0000000000000000000000000000000000000000000000000000000000000000000000000000000000000000000000000000000000000000000000000000000000000000000000000000000000000000
0000000000000000000000000000000000000000000000000000000000000000000000000000000000000000000000000000000000000000000000000000000000000000000000000000000000000000
0000000000000000000000000000000000000000000000000000000000000000000000000000000000000000000000000000000000000000000000000000000000000000000000000000000000000000
0000000000000000000000000000000000000000000000000000000000000000000000000000000000000000000000000000000000000000000000000000000000000000000000000000000000000000
0000000000000000000000000000000000000000000000000000000000000000000000000000000000000000000000000000000000000000000000000000000000000000000000000000000000000000
0000000000000000000000000000000000000000000000000000000000000000000000000000000000000000000000000000000000000000000000000000000000000000000000000000000000000000
0000000000000000000000000000000000000000000000000000000000000000000111111111111111111111111100000000000000000000000000000000000000000000000000000000000000000000
0000000000000000000000000000000000000000000000000000000000000011111111111111111111111111111111111000000000000000000000000000000000000000000000000000000000000000
0000000000000000000000000000000000000000000000000000000000111111111111000000000000000000011111111111000000000000000000000000000000000000000000000000000000000000
0000000000000000000000000000000000000000000000000000000111111110000000000000000000000000000000011111111000000000000000000000000000000000000000000000000000000000
0000000000000000000000000000000000000000000000000000011111100000000000000000000000000000000000000001111110000000000000000000000000000000000000000000000000000000
0000000000000000000000000000000000000000000000000001111100000000000000000000000000000000000000000000001111100000000000000000000000000000000000000000000000000000
0000000000000000000000000000000000000000000000000011110000000000000000000000000000000000000000000000000011110000000000000000000000000000000000000000000000000000
0000000000000000000000000000000000000000000000000111100000000000000000000000000000000000000000000000000000111100000000000000000000000000000000000000000000000000
0000000000000000000000000000000000000000000000001110000000000000000000000000000000000000000000000000000000011110000000000000000000000000000000000000000000000000
0000000000000000000000000000000000000000000000011100000000000000000000000000000000000000000000000000000000001111000000000000000000000000000000000000000000000000
0000000000000000000000000000000000000000000000111000000000000000000000000000000000000000000000000000000000000111000000000000000000000000000000000000000000000000
0000000000000000000000000000000000000000000000110000000001111111000000000000000000000000000000000000000000000011100000000000000000000000000000000000000000000000
0000000000000000000000000000000000000000000001110000000011111111110000000000000000000000000000000000000000000001110000000000000000000000000000000000000000000000
0000000000000000000000000000000000000000000001100000000111000001111000000000000000000000000000000000000000000000110000000000000000000000000000000000000000000000
0000000000000000000000000000000000000000000001100000001110000000111000000000000000000000000000000000000000000000111000000000000000000000000000000000000000000000
0000000000000000000000000000000000000000000001100000001100000000011100000000000000000000000000000000000000000000111000000000000000000000000000000000000000000000
0000000000000000000000000000000000000000000001100000011100000000011100000000000000000000000000000000000000000000011000000000000000000000000000000000000000000000
0000000000000000000000000000000000000000000001100000011100000000001100000000000000000000000000000000000000000000011000000000000000000000000000000000000000000000
0000000000000000000000000000000000000000000001100000011100000000001100000000000000000000000000000000000000000000011000000000000000000000000000000000000000000000
0000000000000000000000000000000000000000000001100000001100000000011100000000000000000000000000000000000000000000011000000000000000000000000000000000000000000000
0000000000000000000000000000000000000000000001100000001100000000011000000000000000000000000000000000000000000000011000000000000000000000000000000000000000000000
0000000000000000000000000000000000000000000001100000001110000000111000000000000000000000000000000000000000000000011000000000000000000000000000000000000000000000
0000000000000000000000000000000000000000000001100000000111100001110000000000000000000000000000000000000000000000011000000000000000000000000000000000000000000000
0000000000000000000000000000000000000000000001100000000011111111100000000000000000000000000000000000000000000000011000000000000000000000000000000000000000000000
0000000000000000000000000000000000000000000001100000000000111111000000000000000000000000000000000000000000000000011000000000000000000000000000000000000000000000
0000000000000000000000000000000000000000000001100000000000000000000000000000000000000000000000000000000000000000011000000000000000000000000000000000000000000000
0000000000000000000000000000000000000000000001100000000000000000000000000000000000000000000000000000000000000000011000000000000000000000000000000000000000000000
0000000000000000000000000000000000000000000001100000000000000000000000000000000000000000000000000000000000000000011000000000000000000000000000000000000000000000
0000000000000000000000000000000000000000000001100000000000000000000000000000000000000000000000000000000000000000011000000000000000000000000000000000000000000000
0000000000000000000000000000000000000000000001100000000000000000000000000000000000000000000000000000000000000000011000000000000000000000000000000000000000000000
0000000000000000000000000000000000000000000001100000000000000000000000000000000000000000000000000000000000000000011000000000000000000000000000000000000000000000
0000000000000000000000000000000000000000000001111111111111111111111111111111111110000000000000000000000000000000011000000000000000000000000000000000000000000000
0000000000000000000000000000000000000000000001111111111111111111111111111111111110000000000000000000000000000000011000000000000000000000000000000000000000000000
0000000000000000000000000000000000000000000001111111111111111111111111111111111110000000000000000000000000000000011000000000000000000000000000000000000000000000
0000000000000000000000000000000000000000000000000000000000000000000000000000000110000000000000000000000000000000011000000000000000000000000000000000000000000000
0000000000000000000000000000000000000000000000000000000000000000000000000000000110000000000000000000000000000000011000111111111111111100000000000000000000000000
0000000000000000000000000000111111111111111111111111111111111111111111111111111110000000000000000000000000000000011001111111111111111111100000000000000000000000
0000000000000000000000001111111111111111111111111111111111111111111111111111111110000000000000000000000000000000011001111111111111111111111000000000000000000000
0000000000000000000000111111110000000000000000000000000000000000000000000000000010000000000000000000000000000000011001110000000000000001111100000000000000000000
0000000000000000000011111100000000000000000000000000000000000000000000000000000000000000000000000000000000000000011001110000000000000000011110000000000000000000
0000000000000000000111100000000000000000000000000000000000000000000000000000000000000000000000000000000000000000011001110000000000000000000111100000000000000000
0000000000000000001111000000000000000000000000000000000000000000000000000000000000000000000000000000000000000000011001110000000000000000000011100000000000000000
0000000000000000011100000000000000000000000000000000000000000000000000000000000000000000000000000000000000000000011001110000000000000000000001110000000000000000
0000000000000000111000000000000000000000000000000000000000000000000000000000000000000000000000000000000000000000011001110000000000000000000000111000000000000000
0000000000000001110000000000000000000000000000000000000000000000000000000000000000000000000000000000000000000000011001110000000000000000000000011100000000000000
0000000000000011100000000000000000000000000000000000000000000000000000000000000000000000000000000000000000000000011001110000000000000000000000001100000000000000
0000000000000011100000000000000000000000000000000000000000000000000000000000000000000000000000000000000000000000011001110000000000000000000000001110000000000000
0000000000000111000000000000000000000000000000000000000000000000000000000000000000000000000000000000000000000000011001110000000000000000000000000110000000000000
0000000000000110000000000000000000000000000000000000000000000000000000000000000000000000000000000000000000000000011001110000000000000000000000000111000000000000
0000000000001110000000000000000000000000000000000000000000000000000000000000000000000000000000000000000000000000011001110000000000000000000000000011000000000000
0000000000001100000000000000000000000000000000000000000000000000000000000000000000000000000000000000000000000000011001110000000000000000000000000011100000000000
0000000000011100000000000000000000000000000000000000000000000000000000000000000000000000000000000000000000000000011001110000000000000000000000000011100000000000
0000000000011000000000000000000000000000000000000000000000000000000000000000000000000000000000000000000000000000011001110000000000000000000000000001100000000000
0000000000011000000000000000000000000000000000000000000000000000000000000000000000000000000000000000000000000000011001110000000000000000000000000001110000000000
0000000000111000000000000000000000000000000000000000000000000000000000000000000000000000000000000000000000000000011001110000000000000000000000000001110000000000
0000000000110000000000000000000000000000000000000000000000000000000000000000000000000000000000000000000000000000111001110000000000000000000000000000110000000000
0000000000110000000000000000000000000000000000000000000000000000000000000000000000000000000000000000000000000000111001110000000000000000000000000000110000000000
0000000000110000000000000000000000000000000000000000000000000000000000000000000000000000000000000000000000000000110001100000000000000000000000000000111000000000
0000000001110000000000000000000000000000000000000000000000000000000000000000000000000000000000000000000000000001110001100000000000000000000000000000111000000000
0000000001110000000000000000000000000000000000000000000000000000000000000000000000000000000000000000000000000001100001100000000000000000000000000000111000000000
0000000001100000000000000000000000000000000000000000000000000000000000000000000000000000000000000000000000000011100011100000000000000000000000000000011000000000
0000000001100000000000000000000000000000000000000000000000000000000000000000000000000000000000000000000000000111000011000000000000000000000000000000011000000000
0000000001100000000000000000000000000000000000000000000000000000000000000000000000000000000000000000000000000111000111000000000000000000000000000000011000000000
0000000001100000000000000000000000000000000000000000000000000000000000000000000000000000000000000000000000011110000111000000000000000000000000000000011000000000
0000000001100000000000000000000000000000000000000000000000000000000000000000000000000000000000000000000000111100001110000000000000000000000000000000011000000000
0000000011100000000000000000000000000000000000000000000000000000000000000000000000000000000000000000000011111000001100000000000000000000000000000000011100000000
0000000011100000000000000000000000000000000000000000000000000000000000000000000000000000000000000000001111100000011100000000000000000000000000000000011100000000
0000000011100000000000000000000000000000000000000000000000000000000000000000000000000000000000000011111111000000111000000000000000000000000000000000011100000000
0000000011100000000000000000000000000000000000000000000111111111111111111111111111111111111111111111111000000001110000000000000000000000000000000000011100000000
0000000011100000000000000000000000000000000000000000111111111111111111111111111111111111111111111111000000000111100000000000000000000000000000000000011100000000
0000000011100000000000000000000000000000000000000011111110000000000000000000000000000000000000000000000000011111000000000000000000000000000000000000011100000000
0000000011100000000000000000000000000000000000001111100000000000000000000000000000000000000000000000000011111100000000000000000000000000000000000000011100000000
0000000011100000000000000000000000000000000000011110000000001111111111111111111111111111111111111111111111111000000000000000000000000000000000000000011100000000
0000000011100000000000000000000000000000000000111000000001111111111111111111111111111111111111111111111111000000000000000000000000000000000000000000011100000000
0000000011100000000000000000000000000000000001110000001111111110000000000000000000000000000000000000000000000000000000000000000000000000000000000000011100000000
0000000011100000000000000000000000000000000011100000011111000000000000000000000000000000000000000000000000000000000000000000000000000000000000000000011100000000
0000000011100000000000000000000000000000000011000001111100000000000000000000000000000000000000000000000000000000000000000000000000000000000000000000011100000000
0000000001100000000000000000000000000000000111000011110000000000000000000000000000000000000000000000000000000000000000000000000000000000000000000000011000000000
0000000001100000000000000000000000000000000110000111100000000000000000000000000000000000000000000000000000000000000000000000000000000000000000000000011000000000
0000000001100000000000000000000000000000001110001111000000000000000000000000000000000000000000000000000000000000000000000000000000000000000000000000011000000000
0000000001100000000000000000000000000000001100001110000000000000000000000000000000000000000000000000000000000000000000000000000000000000000000000000011000000000
0000000001100000000000000000000000000000011100011100000000000000000000000000000000000000000000000000000000000000000000000000000000000000000000000000011000000000
0000000001100000000000000000000000000000011100011000000000000000000000000000000000000000000000000000000000000000000000000000000000000000000000000000111000000000
0000000001110000000000000000000000000000011000111000000000000000000000000000000000000000000000000000000000000000000000000000000000000000000000000000111000000000
0000000001110000000000000000000000000000011000110000000000000000000000000000000000000000000000000000000000000000000000000000000000000000000000000000110000000000
0000000000110000000000000000000000000000111000110000000000000000000000000000000000000000000000000000000000000000000000000000000000000000000000000000110000000000
0000000000110000000000000000000000000000111001110000000000000000000000000000000000000000000000000000000000000000000000000000000000000000000000000000110000000000
0000000000111000000000000000000000000000111001110000000000000000000000000000000000000000000000000000000000000000000000000000000000000000000000000001110000000000
0000000000111000000000000000000000000000111001100000000000000000000000000000000000000000000000000000000000000000000000000000000000000000000000000001100000000000
0000000000011000000000000000000000000000111001100000000000000000000000000000000000000000000000000000000000000000000000000000000000000000000000000001100000000000
0000000000011000000000000000000000000000111001100000000000000000000000000000000000000000000000000000000000000000000000000000000000000000000000000011100000000000
0000000000011100000000000000000000000000111001100000000000000000000000000000000000000000000000000000000000000000000000000000000000000000000000000011000000000000
0000000000001100000000000000000000000000111001100000000000000000000000000000000000000000000000000000000000000000000000000000000000000000000000000111000000000000
0000000000001110000000000000000000000000111001100000000000000000000000000000000000000000000000000000000000000000000000000000000000000000000000000110000000000000
0000000000000110000000000000000000000000111001100000000000000000000000000000000000000000000000000000000000000000000000000000000000000000000000001110000000000000
0000000000000111000000000000000000000000111001100000000000000000000000000000000000000000000000000000000000000000000000000000000000000000000000001100000000000000
0000000000000011000000000000000000000000111001100000000000000000000000000000000000000000000000000000000000000000000000000000000000000000000000011100000000000000
0000000000000011100000000000000000000000111001100000000000000000000000000000000000000000000000000000000000000000000000000000000000000000000000111000000000000000
0000000000000001110000000000000000000000111001100000000000000000000000000000000000000000000000000000000000000000000000000000000000000000000001110000000000000000
0000000000000000111000000000000000000000111001100000000000000000000000000000000000000000000000000000000000000000000000000000000000000000000011100000000000000000
0000000000000000111100000000000000000000111001100000000000000000000000000000000000000000000000000000000000000000000000000000000000000000000111000000000000000000
0000000000000000011110000000000000000000111001100000000000000000000000000000000000000000000000000000000000000000000000000000000000000000011110000000000000000000
0000000000000000001111000000000000000000111001100000000000000000000000000000000000000000000000000000000000000000000000000000000000000001111100000000000000000000
0000000000000000000011110000000000000000111001100000000000000000000000000000000000000000000000000000000000000000000000000000000000011111110000000000000000000000
0000000000000000000001111111000000000000111001100000000000000000000000000000000111111111111111111111111111111111111111111111111111111111000000000000000000000000
0000000000000000000000011111111111111111111001100000000000000000000000000000000111111111111111111111111111111111111111111111111111111000000000000000000000000000
0000000000000000000000000011111111111111111001100000000000000000000000000000000110000000000000000000000000000000000000000000000000000000000000000000000000000000
0000000000000000000000000000000000000000000001100000000000000000000000000000000110000000000000000000000000000000000000000000000000000000000000000000000000000000
0000000000000000000000000000000000000000000001100000000000000000000000000000000111111111111111111111111111111111111000000000000000000000000000000000000000000000
0000000000000000000000000000000000000000000001100000000000000000000000000000000111111111111111111111111111111111111000000000000000000000000000000000000000000000
0000000000000000000000000000000000000000000001100000000000000000000000000000000111111111111111111111111111111111111000000000000000000000000000000000000000000000
0000000000000000000000000000000000000000000001100000000000000000000000000000000000000000000000000000000000000000011000000000000000000000000000000000000000000000
0000000000000000000000000000000000000000000001100000000000000000000000000000000000000000000000000000000000000000011000000000000000000000000000000000000000000000
0000000000000000000000000000000000000000000001100000000000000000000000000000000000000000000000000000000000000000011000000000000000000000000000000000000000000000
0000000000000000000000000000000000000000000001100000000000000000000000000000000000000000000000000000000000000000011000000000000000000000000000000000000000000000
0000000000000000000000000000000000000000000001100000000000000000000000000000000000000000000000000000000000000000011000000000000000000000000000000000000000000000
0000000000000000000000000000000000000000000001100000000000000000000000000000000000000000000000000000000000000000011000000000000000000000000000000000000000000000
0000000000000000000000000000000000000000000001100000000000000000000000000000000000000000000000000111110000000000011000000000000000000000000000000000000000000000
0000000000000000000000000000000000000000000001100000000000000000000000000000000000000000000000011111111100000000011000000000000000000000000000000000000000000000
0000000000000000000000000000000000000000000001100000000000000000000000000000000000000000000000111100011110000000011000000000000000000000000000000000000000000000
0000000000000000000000000000000000000000000001100000000000000000000000000000000000000000000001110000000111000000011000000000000000000000000000000000000000000000
0000000000000000000000000000000000000000000001100000000000000000000000000000000000000000000001100000000111000000011000000000000000000000000000000000000000000000
0000000000000000000000000000000000000000000001100000000000000000000000000000000000000000000011100000000011000000011000000000000000000000000000000000000000000000
0000000000000000000000000000000000000000000001100000000000000000000000000000000000000000000011000000000011100000011000000000000000000000000000000000000000000000
0000000000000000000000000000000000000000000001100000000000000000000000000000000000000000000011000000000011100000011000000000000000000000000000000000000000000000
0000000000000000000000000000000000000000000001100000000000000000000000000000000000000000000011100000000011100000011000000000000000000000000000000000000000000000
0000000000000000000000000000000000000000000001110000000000000000000000000000000000000000000011100000000011000000011000000000000000000000000000000000000000000000
0000000000000000000000000000000000000000000001110000000000000000000000000000000000000000000001110000000111000000011000000000000000000000000000000000000000000000
0000000000000000000000000000000000000000000000110000000000000000000000000000000000000000000001111000001110000000011000000000000000000000000000000000000000000000
0000000000000000000000000000000000000000000000111000000000000000000000000000000000000000000000111111111100000000111000000000000000000000000000000000000000000000
0000000000000000000000000000000000000000000000011100000000000000000000000000000000000000000000011111111000000000110000000000000000000000000000000000000000000000
0000000000000000000000000000000000000000000000011100000000000000000000000000000000000000000000000011000000000001110000000000000000000000000000000000000000000000
0000000000000000000000000000000000000000000000001110000000000000000000000000000000000000000000000000000000000011100000000000000000000000000000000000000000000000
0000000000000000000000000000000000000000000000000111100000000000000000000000000000000000000000000000000000000111000000000000000000000000000000000000000000000000
0000000000000000000000000000000000000000000000000011110000000000000000000000000000000000000000000000000000001110000000000000000000000000000000000000000000000000
0000000000000000000000000000000000000000000000000001111100000000000000000000000000000000000000000000000000111100000000000000000000000000000000000000000000000000
0000000000000000000000000000000000000000000000000000011111000000000000000000000000000000000000000000000011111000000000000000000000000000000000000000000000000000
0000000000000000000000000000000000000000000000000000000111111000000000000000000000000000000000000000011111100000000000000000000000000000000000000000000000000000
0000000000000000000000000000000000000000000000000000000001111111000000000000000000000000000000000011111110000000000000000000000000000000000000000000000000000000
0000000000000000000000000000000000000000000000000000000000011111111111000000000000000000000111111111111000000000000000000000000000000000000000000000000000000000
0000000000000000000000000000000000000000000000000000000000000001111111111111111111111111111111111110000000000000000000000000000000000000000000000000000000000000
0000000000000000000000000000000000000000000000000000000000000000000011111111111111111111111111000000000000000000000000000000000000000000000000000000000000000000
0000000000000000000000000000000000000000000000000000000000000000000000000000000000000000000000000000000000000000000000000000000000000000000000000000000000000000
0000000000000000000000000000000000000000000000000000000000000000000000000000000000000000000000000000000000000000000000000000000000000000000000000000000000000000
0000000000000000000000000000000000000000000000000000000000000000000000000000000000000000000000000000000000000000000000000000000000000000000000000000000000000000
0000000000000000000000000000000000000000000000000000000000000000000000000000000000000000000000000000000000000000000000000000000000000000000000000000000000000000
0000000000000000000000000000000000000000000000000000000000000000000000000000000000000000000000000000000000000000000000000000000000000000000000000000000000000000
0000000000000000000000000000000000000000000000000000000000000000000000000000000000000000000000000000000000000000000000000000000000000000000000000000000000000000
0000000000000000000000000000000000000000000000000000000000000000000000000000000000000000000000000000000000000000000000000000000000000000000000000000000000000000
0000000000000000000000000000000000000000000000000000000000000000000000000000000000000000000000000000000000000000000000000000000000000000000000000000000000000000
0000000000000000000000000000000000000000000000000000000000000000000000000000000000000000000000000000000000000000000000000000000000000000000000000000000000000000
0000000000000000000000000000000000000000000000000000000000000000000000000000000000000000000000000000000000000000000000000000000000000000000000000000000000000000
